  -1.0000000000000000     
 -0.91780821917808220     
 -0.83561643835616439     
 -0.75342465753424659     
 -0.67123287671232879     
 -0.58904109589041098     
 -0.50684931506849318     
 -0.42465753424657537     
 -0.34246575342465757     
 -0.26027397260273977     
 -0.17808219178082196     
  -9.5890410958904160E-002
  -1.3698630136986356E-002
   0.0000000000000000     
   6.8493150684931448E-002
  0.15068493150684925     
  0.23287671232876705     
  0.31506849315068486     
  0.39726027397260266     
  0.47945205479452047     
  0.56164383561643827     
  0.64383561643835607     
  0.72602739726027388     
  0.80821917808219168     
  0.89041095890410948     
  0.97260273972602729     
   1.0547945205479450     
   1.1369863013698627     
   1.2191780821917804     
   1.3013698630136981     
   1.3835616438356158     
   1.4657534246575334     
   1.5479452054794511     
   1.6301369863013688     
   1.7123287671232865     
   1.7945205479452042     
   1.8767123287671219     
   1.9589041095890396     
   2.0410958904109573     
   2.1232876712328750     
   2.2054794520547927     
   2.2876712328767104     
   2.3698630136986281     
   2.4520547945205458     
   2.5342465753424634     
   2.6164383561643811     
   2.6986301369862988     
   2.7808219178082165     
   2.8630136986301342     
   2.9452054794520519     
   3.0273972602739696     
   3.1095890410958873     
   3.1917808219178050     
   3.2739726027397227     
   3.3561643835616404     
   3.4383561643835581     
   3.5205479452054758     
   3.6027397260273935     
   3.6849315068493111     
   3.7671232876712288     
   3.8493150684931465     
   3.9315068493150642     
   4.0136986301369824     
   4.0958904109589005     
   4.1780821917808186     
   4.2602739726027368     
   4.3424657534246549     
   4.4246575342465730     
   4.5068493150684912     
   4.5890410958904093     
   4.6712328767123275     
   4.7534246575342456     
   4.8356164383561637     
   4.9178082191780819     
   5.0000000000000000     
