 -0.99644159672690780     
 -0.93084443256604354     
 -0.86524726840517929     
 -0.79965010424431526     
 -0.72593889302182313     
 -0.65187489714447766     
 -0.57781090126713219     
 -0.50134814710531750     
 -0.42466732400855123     
 -0.34798650091178490     
 -0.26925760118960973     
 -0.19023611909237614     
 -0.11121463699514261     
  -9.8044389978936955E-002
  -3.2193528818650133E-002
   4.6827504573694126E-002
  0.12584853796603837     
  0.20487064914510478     
  0.28389304395225601     
  0.36291543875940724     
  0.44193688941132558     
  0.52095802534483315     
  0.59997916127834050     
  0.68002527071347463     
  0.76049342806104314     
  0.84096158540861166     
  0.92028187706287679     
  0.99902823587049006     
   1.0777745946781034     
   1.1575975573603230     
   1.2380664823673064     
   1.3185354073742899     
   1.3992642376687741     
   1.4801787145971874     
   1.5610931915256008     
   1.6413745483692790     
   1.7211201882181808     
   1.8008658280670826     
   1.8802499724191053     
   1.9592726212742491     
   2.0382952701293924     
   2.1178542915306631     
   2.1980472077591742     
   2.2782401239876853     
   2.3585484468687921     
   2.4390183390635336     
   2.5194882312582747     
   2.5998542039912840     
   2.6800469776214055     
   2.7602397512515271     
   2.8404321626798508     
   2.9206238497045760     
   3.0008155367293017     
   3.0808770740799516     
   3.1606225336507046     
   3.2403679932214566     
   3.3204061534670619     
   3.4013224157372259     
   3.4822386780073895     
   3.5630042361707712     
   3.6431971187283825     
   3.7233900012859937     
   3.8036290752263664     
   3.8840991060805452     
   3.9645691369347245     
   4.0448237945246106     
   4.1235708392644508     
   4.2023178840042910     
   4.2812084956923755     
   4.3616783438111622     
   4.4421481919299488     
   4.5226180700321619     
   4.6030886377531974     
   4.6835592054742321     
   4.7640297731952677     
 -0.99644159672690780     
 -0.93084443256604354     
 -0.86524726840517929     
 -0.79965010424431526     
 -0.72593889302182313     
 -0.65187489714447766     
 -0.57781090126713219     
 -0.50027565172231747     
 -0.42242483366227851     
 -0.34457401560223949     
 -0.26569891417887537     
 -0.18667748656075056     
 -0.10765605894262573     
  -9.4485821006271536E-002
  -2.9609910249454682E-002
   4.8241182658725588E-002
  0.12609227556690586     
  0.20487064914510478     
  0.28389304395225601     
  0.36291543875940724     
  0.44281438265332929     
  0.52300550957617498     
  0.60319663649902067     
  0.68275524968859713     
  0.76205341604682753     
  0.84135158240505770     
  0.92124601095422542     
   1.0014385705988615     
   1.0816311302434978     
   1.1610925427164618     
   1.2401152668864222     
   1.3191379910563827     
   1.3992642376687741     
   1.4801787145971874     
   1.5610931915256008     
   1.6413745483692790     
   1.7211201882181808     
   1.8008658280670826     
   1.8808349835209945     
   1.9610276545799166     
   2.0412203256388386     
   2.1208768488904237     
   2.1998997429151563     
   2.2789226369398889     
   2.3585484468687921     
   2.4390183390635336     
   2.5194882312582747     
   2.5998542039912840     
   2.6800469776214055     
   2.7602397512515271     
   2.8404321626798508     
   2.9206238497045760     
   3.0008155367293017     
   3.0810074207773437     
   3.1611997833105825     
   3.2413921458438213     
   3.3216537575706697     
   3.4021231168783475     
   3.4825924761860247     
   3.5630042361707712     
   3.6431971187283825     
   3.7233900012859937     
   3.8036290752263664     
   3.8840991060805452     
   3.9645691369347245     
   4.0448237945246106     
   4.1235708392644508     
   4.2023178840042910     
   4.2812084956923755     
   4.3616783438111622     
   4.4421481919299488     
   4.5226180700321619     
   4.6030886377531974     
   4.6835592054742321     
   4.7640297731952677     
 -0.99644159672690780     
 -0.92850453476202333     
 -0.86056747279713908     
 -0.79263041083225461     
 -0.71631453852409233     
 -0.63963437011404856     
 -0.56295420170400468     
 -0.48520097818232144     
 -0.40735020419594359     
 -0.32949943020956574     
 -0.25164806515794003     
 -0.17379661566842175     
  -9.5945166178903502E-002
  -8.2969924597317057E-002
  -1.6143917406662767E-002
   6.4047291222122438E-002
  0.14423849985090767     
  0.22350446732418555     
  0.30252695028285626     
  0.38154943324152696     
  0.46077786682125649     
  0.54007495060800559     
  0.61937203439475474     
  0.69827875400323791     
  0.77702473542067030     
  0.85577071683810291     
  0.93566521405237801     
   1.0161339691650746     
   1.0966027242777712     
   1.1761676168881188     
   1.2551901919970565     
   1.3342127671059945     
   1.4139172250740848     
   1.4941087422272843     
   1.5743002593804838     
   1.6542501824025280     
   1.7339956796212859     
   1.8137411768400440     
   1.8934868860152405     
   1.9732328071468754     
   2.0529787282785108     
   2.1329295251101450     
   2.2131224477690505     
   2.2933153704279561     
   2.3735086339801454     
   2.4537023747829316     
   2.5338961155857178     
   2.6137542527745361     
   2.6930530506067418     
   2.7723518484389467     
   2.8519482703903063     
   2.9321399405799733     
   3.0123316107696412     
   3.0925234957480381     
   3.1727159023562064     
   3.2529083089643751     
   3.3329892053863071     
   3.4127355712495309     
   3.4924819371127547     
   3.5724719557687532     
   3.6533878550372965     
   3.7343037543058397     
   3.8149043285936246     
   3.8939282779776176     
   3.9729522273616107     
   4.0521223285543941     
   4.1323154924087131     
   4.2125086562630321     
   4.2927018653904172     
   4.3728955725215197     
   4.4530892796526231     
   4.5332457724179758     
   4.6125463347710749     
   4.6918468971241740     
   4.7711474594772723     
 -0.98492620489310723     
 -0.90473717576840262     
 -0.82454814664369813     
 -0.74435911751899353     
 -0.66753241483931025     
 -0.59085190026593226     
 -0.51417138569255416     
 -0.43534555713805151     
 -0.35632470003981020     
 -0.27730384294156901     
 -0.19804106172563210     
 -0.11874371992145295     
  -3.9446378117273806E-002
  -2.6230154483243895E-002
   3.9391162823059475E-002
  0.11813674359062358     
  0.19688232435818767     
  0.27606538520328461     
  0.35536357238457444     
  0.43466175956586423     
  0.51354504659796996     
  0.59229003358034760     
  0.67103502056272535     
  0.75017216987691548     
  0.82947079779832267     
  0.90876942571972985     
  0.98788408147320472     
   1.0669067511427137     
   1.1459294208122226     
   1.2249517023506551     
   1.3039737510104417     
   1.3829957996702282     
   1.4627001116658536     
   1.5428917546156493     
   1.6230833975654448     
   1.7027913296783703     
   1.7820899680062512     
   1.8613886063341318     
   1.9411345903668265     
   2.0213279201043344     
   2.1015212498418423     
   2.1811780645046404     
   2.2602008158973268     
   2.3392235672900137     
   2.4182468178457444     
   2.4972707672297361     
   2.5762947166137282     
   2.6557566580701950     
   2.7359485863141204     
   2.8161405145580458     
   2.8963324134066202     
   2.9765242534644925     
   3.0567160935223652     
   3.1366474390849715     
   3.2159461551590738     
   3.2952448712331761     
   3.3747672679652356     
   3.4549607066711658     
   3.5351541453770956     
   3.6152543363976650     
   3.6950001862138642     
   3.7747460360300638     
   3.8544921229054676     
   3.9342393950768910     
   4.0139866672483144     
   4.0937896648609344     
   4.1739827405619234     
   4.2541758162629133     
   4.3342714478087805     
   4.4132951936482954     
   4.4923189394878094     
   4.5713427134742890     
   4.6503671348409723     
   4.7293915562076556     
   4.8084159775743398     
 -0.83062475186600060     
 -0.75394465476885530     
 -0.67726455767171001     
 -0.60058446057456472     
 -0.52192598906638266     
 -0.44318150127946004     
 -0.36443701349253738     
 -0.28651085179781316     
 -0.20865908338419797     
 -0.13080731497058276     
  -5.1691035142440368E-002
   2.7605889173491605E-002
  0.10690281348942357     
  0.12011896754207896     
  0.18499583452292578     
  0.26284807489994211     
  0.34070031527695838     
  0.41890559323859833     
  0.49720377582777081     
  0.57550195841694329     
  0.65380061456767513     
  0.73209942857226018     
  0.81039824257684512     
  0.88940533984224723     
  0.96870408315622114     
   1.0480028264701950     
   1.1263378958303600     
   1.2041911282136204     
   1.2820443605968810     
   1.3604548099095812     
   1.4391995893799454     
   1.5179443688503096     
   1.5970121592719086     
   1.6763106718015326     
   1.7556091843311568     
   1.8346087056087785     
   1.9133552342885520     
   1.9921017629683255     
   2.0711246025110208     
   2.1504237529166379     
   2.2297229033222550     
   2.3088957410603941     
   2.3879193001915135     
   2.4669428593226330     
   2.5454789135488123     
   2.6233324609080748     
   2.7011860082673373     
   2.7799161786026709     
   2.8601073872314560     
   2.9402985958602406     
   3.0201002292656542     
   3.0991227122243252     
   3.1781451951829962     
   3.2572482748796783     
   3.3365470895115319     
   3.4158459041433851     
   3.4950067176105648     
   3.5737535275837251     
   3.6525003375568850     
   3.7313623373123610     
   3.8106620582406414     
   3.8899617791689209     
   3.9694105079520483     
   4.0496042760094078     
   4.1297980440667681     
   4.2098455092643698     
   4.2888688544436606     
   4.3678921996229532     
   4.4469156248685984     
   4.5259399308441326     
   4.6049642368196677     
   4.6840186844839558     
   4.7637663909895807     
   4.8435140974952056     
   4.9232618040008305     
