  0.35366517923228641     
  0.21297563346148543     
   7.4493093968007157E-002
   4.8481680995449056E-002
   4.3300129623054552E-002
   3.3877610027794568E-002
   2.1721796134426163E-002
   1.9961101614652921E-002
   1.8440696947786151E-002
   1.7194986516660037E-002
   1.6196003807173631E-002
   1.5712072100484295E-002
   7.6420808600421893E-003
   7.8954720284711094E-002
   4.1674418822345901E-003
   4.3730626222387827E-003
   3.7620607366097062E-003
   3.4002922438212033E-003
   3.0139257497122877E-003
   2.6800062786071785E-003
   2.3629193679307820E-003
   2.0746674470848107E-003
   1.8137490408283541E-003
   1.5909615622365105E-003
   1.3882863852631986E-003
   1.1898352563969000E-003
   1.0196117407254273E-003
   8.7012426423066502E-004
   7.3605699746887357E-004
   6.1425451998781719E-004
   5.0546262798320041E-004
   4.1016617739206653E-004
   3.3276949147577480E-004
   2.6634181326149495E-004
   2.1034672927398455E-004
   1.6431178075757013E-004
   1.2669125625561808E-004
   9.5856834145722559E-005
   7.0611467130167113E-005
   5.0446011851383303E-005
   3.5003795742912891E-005
   2.3525618596757828E-005
   1.5222088634833176E-005
   9.3302499527349561E-006
   5.4200582726821210E-006
   2.9028330383709481E-006
   1.2851590519958988E-006
   2.6300146190455169E-007
   1.0686751229428988E-009
   2.3798775087073868E-010
   2.8051293757165870E-011
   1.5557085136818282E-012
   5.8473787122270217E-014
   1.5620705768243833E-015
   3.0613228841022337E-017
   3.8245321066486150E-019
   2.6520480232580773E-021
   8.1973452453746045E-024
   1.5549055289107847E-026
   2.0844173143372587E-029
   2.6976692670294312E-032
   2.1542253959369696E-035
   1.3950250843280518E-038
   1.5025124396716695E-041
   8.7227784528285965E-045
   1.7309085410952227E-048
   1.1634819909590442E-053
   1.7723148909398302E-059
   4.2701177076312353E-066
   9.6922923919896817E-074
   9.3704607632401626E-083
   1.3760824363306535E-093
   1.8805645127111880E-104
   3.5410833556086465E-118
   6.7807396971160381E-137
