   6.4136391873287372E-003
   2.0083927405948215E-003
   4.8611959617941919E-006
   1.1703864851552873E-003
   1.0779190491911621E-004
   2.1352008059370540E-004
  0.20412569674045955     
   4.3454148406390961E-006
   2.1697470866672629E-002
   4.4989939894241549E-006
   1.1003256850805422E-002
   1.3437857964840720E-005
   2.8252628623585593E-005
   2.3765025446142774E-004
   9.7429131153602310E-006
   1.1774385757369516E-002
   3.7496589865269298E-006
   7.3239742406519369E-006
   1.3936676177541976E-002
   5.8969622492480973E-005
   5.4915213273221612E-006
   2.7183413061741769E-004
   1.8363643121990504E-004
   1.8823582684954044E-005
   1.1453389006249508E-004
   4.3550353810399990E-004
   9.7803710736430005E-006
   3.8471361580346452E-005
   6.7861521325149533E-005
   4.7239834963870239E-004
   4.6647331466089278E-002
  0.10060345986304733     
   1.7624726545217889E-003
   8.2151249113448951E-005
   5.8405066615689914E-005
   9.4862133469809082E-002
   6.2195997440750977E-003
   7.5953341876864562E-006
   5.2030055792722860E-005
   7.0281487651519987E-006
   1.1674711284767197E-002
   2.0230720827998285E-003
   7.8308629612488732E-006
   1.6755752588659112E-003
   1.7194383857401476E-004
   3.6000975689794942E-006
   7.4572691256312136E-005
   4.0141965138779573E-006
   3.1043695727883671E-006
   5.7291907919141153E-004
   9.4426679708860424E-004
   2.5262474626648395E-004
   2.0862180484694856E-004
   9.2988313526609927E-004
   2.2415913049015165E-004
   2.2075451711684188E-003
   1.8111759347890996E-005
   9.8503485282894925E-004
   4.7910497676987041E-006
   2.1688410070345027E-002
   1.1595967655960828E-003
   2.0229523950858344E-003
   1.1002866775196683E-002
   4.0401569842479475E-004
   2.2780959768061522E-004
   3.3354035039467672E-004
   8.2967330696690476E-004
   1.2758266249586739E-003
   3.9686290123377724E-002
   4.6939438921116055E-006
   2.3743384995962317E-004
   1.0682677195539386E-005
   6.3239583568398258E-005
   6.5104700090232021E-005
   6.9480695236391859E-004
   2.1970683116992958E-004
   4.2573551636185604E-006
   1.3168820914462192E-003
   2.2063828962231834E-004
   1.2737547768553996E-004
   3.2254682719433625E-004
   8.4425628330463945E-005
   8.5802008299181007E-006
   4.1608558566425601E-005
   3.7743786279832817E-004
   2.2945564943988760E-004
   6.4957212977582654E-005
   1.1677075034008306E-003
   3.3840512721667595E-004
   1.2176658598165480E-005
   6.4584599984055489E-004
   3.5245197744291674E-004
   3.1179951021804101E-002
   3.0780088295617217E-005
   8.1304080794895677E-004
   4.9127841338671161E-003
   6.3840424908842191E-003
   5.1183195178632894E-005
   7.2597623852932378E-003
   9.2269649761470154E-005
