  0.12169295924372479     
  -2.8445152797645563     
  0.95545002850629390     
  0.74062588592980794     
   1.4999999664723873E-002
   9.9999997764825821E-003
 -0.16166682199900270     
  0.43190255761146545     
   3.0927804644246271E-002
   1.0000000000000000     
   2.2711025032878398     
   3.6514661312103271     
   1.7911067104685188     
  0.51093042670716127     
   1.1107271321872816     
   0.00000000    
  0.11293183117115471     
   3.0927804644246271E-002
   1.0000000707013668E-002
  0.27385997072299162     
  -2.8794590271366363     
   1.3502093553543091     
   1.0000000000000000     
  0.97000002861022949     
  0.35907244622483148     
