  -48.106865747942791     
   0.0000000000000000     
  -43.510248934499202     
   0.0000000000000000     
  -40.214962773938971     
   0.0000000000000000     
  -37.726182282379071     
   0.0000000000000000     
  -35.652966808242972     
  -37.468684831057566     
  -33.859294437523715     
   0.0000000000000000     
  -32.271780001178499     
   0.0000000000000000     
  -30.844141442373079     
   0.0000000000000000     
  -29.544886016549135     
   0.0000000000000000     
  -28.351521703213262     
   0.0000000000000000     
  -27.247185681679362     
   0.0000000000000000     
  -26.219138900563433     
   0.0000000000000000     
  -25.257068600355108     
   0.0000000000000000     
  -24.352803651819272     
   0.0000000000000000     
  -23.499689077701429     
   0.0000000000000000     
  -22.692168018200064     
   0.0000000000000000     
  -21.925564978736073     
   0.0000000000000000     
  -21.195905287537826     
   0.0000000000000000     
  -20.499781518919900     
   0.0000000000000000     
  -19.834245228182290     
   0.0000000000000000     
  -19.196724782839546     
   0.0000000000000000     
  -18.584964954902691     
   0.0000000000000000     
  -17.996993123770668     
   0.0000000000000000     
  -17.430971433992063     
   0.0000000000000000     
  -16.885496094741800     
   0.0000000000000000     
  -41.674824578121445     
   0.0000000000000000     
  -38.961572737394498     
   0.0000000000000000     
  -36.739948447210118     
   0.0000000000000000     
  -34.882448205855304     
   0.0000000000000000     
  -33.249881632364428     
  -34.270569808179900     
  -31.783784387833595     
   0.0000000000000000     
  -30.450231022906188     
   0.0000000000000000     
  -29.225419060860766     
   0.0000000000000000     
  -28.092069204668089     
   0.0000000000000000     
  -27.036904563528747     
   0.0000000000000000     
  -26.049540659371697     
   0.0000000000000000     
  -25.121541854116998     
   0.0000000000000000     
  -24.246070605260737     
   0.0000000000000000     
  -23.417457871639378     
   0.0000000000000000     
  -22.630931042965788     
   0.0000000000000000     
  -21.882385295903443     
   0.0000000000000000     
  -21.168345963092083     
   0.0000000000000000     
  -20.485794552672605     
   0.0000000000000000     
  -19.832094779501496     
   0.0000000000000000     
  -19.204934691063759     
   0.0000000000000000     
  -18.602270855729561     
   0.0000000000000000     
  -18.022287342163818     
   0.0000000000000000     
  -17.463381224253780     
   0.0000000000000000     
  -16.924033516908903     
   0.0000000000000000     
  -16.403092599064962     
   0.0000000000000000     
  -35.961158780970983     
   0.0000000000000000     
  -34.298910542271621     
   0.0000000000000000     
  -32.809328734266550     
   0.0000000000000000     
  -31.470386082985289     
   0.0000000000000000     
  -30.238536326704001     
  -30.696416961462262     
  -29.093840391727067     
   0.0000000000000000     
  -28.024591936349967     
   0.0000000000000000     
  -27.021554352858416     
   0.0000000000000000     
  -26.077082508073705     
   0.0000000000000000     
  -25.184668366245873     
   0.0000000000000000     
  -24.338934604982761     
   0.0000000000000000     
  -23.535269609670898     
   0.0000000000000000     
  -22.769741065652340     
   0.0000000000000000     
  -22.038952917940676     
   0.0000000000000000     
  -21.339944421778586     
   0.0000000000000000     
  -20.670130099143151     
   0.0000000000000000     
  -20.027219469629323     
   0.0000000000000000     
  -19.409186014662069     
   0.0000000000000000     
  -18.814231293120070     
   0.0000000000000000     
  -18.240741353349115     
   0.0000000000000000     
  -17.687279635189213     
   0.0000000000000000     
  -17.152509776115256     
   0.0000000000000000     
  -16.635283069642391     
   0.0000000000000000     
  -16.134443484491165     
   0.0000000000000000     
  -15.649231482910155     
   0.0000000000000000     
  -30.880808234734616     
   0.0000000000000000     
  -29.776546575735853     
   0.0000000000000000     
  -28.745098181091674     
   0.0000000000000000     
  -27.773480765675547     
   0.0000000000000000     
  -26.848996906556497     
  -27.002437635221330     
  -25.968676228987697     
   0.0000000000000000     
  -25.130601977429485     
   0.0000000000000000     
  -24.331614827328526     
   0.0000000000000000     
  -23.568421752935841     
   0.0000000000000000     
  -22.838065606162552     
   0.0000000000000000     
  -22.137956524872507     
   0.0000000000000000     
  -21.465718884729672     
   0.0000000000000000     
  -20.819319508016715     
   0.0000000000000000     
  -20.196950079068969     
   0.0000000000000000     
  -19.596928933484136     
   0.0000000000000000     
  -19.017803079964878     
   0.0000000000000000     
  -18.458203509514227     
   0.0000000000000000     
  -17.916926519559610     
   0.0000000000000000     
  -17.392866119349708     
   0.0000000000000000     
  -16.885009514679755     
   0.0000000000000000     
  -16.392445209316904     
   0.0000000000000000     
  -15.914288792749931     
   0.0000000000000000     
  -15.449852029718958     
   0.0000000000000000     
  -14.998186139395875     
   0.0000000000000000     
  -14.559194952872460     
   0.0000000000000000     
  -26.273686416520942     
   0.0000000000000000     
  -25.489810271707665     
   0.0000000000000000     
  -24.737447894998876     
   0.0000000000000000     
  -24.010564801324172     
   0.0000000000000000     
  -23.309613390221909     
  -23.480121808488914     
  -22.634150529957672     
   0.0000000000000000     
  -21.983216929341502     
   0.0000000000000000     
  -21.355132677768093     
   0.0000000000000000     
  -20.748489751734489     
   0.0000000000000000     
  -20.161914569391321     
   0.0000000000000000     
  -19.594252976241528     
   0.0000000000000000     
  -19.044351128496643     
   0.0000000000000000     
  -18.511224572181057     
   0.0000000000000000     
  -17.993955647776104     
   0.0000000000000000     
  -17.491652960981984     
   0.0000000000000000     
  -17.003564354427862     
   0.0000000000000000     
  -16.528929574702616     
   0.0000000000000000     
  -16.067092868105270     
   0.0000000000000000     
  -15.617456500804593     
   0.0000000000000000     
  -15.179363013274351     
   0.0000000000000000     
  -14.752415368895305     
   0.0000000000000000     
  -14.335836156418953     
   0.0000000000000000     
  -13.929684668749402     
   0.0000000000000000     
  -13.532458240870623     
   0.0000000000000000     
  -13.145775852622492     
   0.0000000000000000     
