  -48.106856306967337     
   0.0000000000000000     
  -43.510239493523741     
   0.0000000000000000     
  -40.214953332963525     
   0.0000000000000000     
  -37.726172841403617     
   0.0000000000000000     
  -35.652957367267518     
  -37.468675390082083     
  -33.859284996548269     
   0.0000000000000000     
  -32.271770560203038     
   0.0000000000000000     
  -30.844132001397639     
   0.0000000000000000     
  -29.544876575573685     
   0.0000000000000000     
  -28.351512262237815     
   0.0000000000000000     
  -27.247176240703912     
   0.0000000000000000     
  -26.219129459587972     
   0.0000000000000000     
  -25.257059159379640     
   0.0000000000000000     
  -24.352794210843793     
   0.0000000000000000     
  -23.499679636725947     
   0.0000000000000000     
  -22.692158577224561     
   0.0000000000000000     
  -21.925555537760552     
   0.0000000000000000     
  -21.195895846562287     
   0.0000000000000000     
  -20.499772077944332     
   0.0000000000000000     
  -19.834235787206698     
   0.0000000000000000     
  -19.196715341863921     
   0.0000000000000000     
  -18.584955513927014     
   0.0000000000000000     
  -17.996983682794955     
   0.0000000000000000     
  -17.430961993016300     
   0.0000000000000000     
  -16.885486653765994     
   0.0000000000000000     
  -41.674815137156877     
   0.0000000000000000     
  -38.961563296429937     
   0.0000000000000000     
  -36.739939006245564     
   0.0000000000000000     
  -34.882438764890743     
   0.0000000000000000     
  -33.249872191399888     
  -34.270560367215317     
  -31.783774946869048     
   0.0000000000000000     
  -30.450221581941634     
   0.0000000000000000     
  -29.225409619896215     
   0.0000000000000000     
  -28.092059763703535     
   0.0000000000000000     
  -27.036895122564189     
   0.0000000000000000     
  -26.049531218407129     
   0.0000000000000000     
  -25.121532413152419     
   0.0000000000000000     
  -24.246061164296144     
   0.0000000000000000     
  -23.417448430674774     
   0.0000000000000000     
  -22.630921602001166     
   0.0000000000000000     
  -21.882375854938807     
   0.0000000000000000     
  -21.168336522127419     
   0.0000000000000000     
  -20.485785111707894     
   0.0000000000000000     
  -19.832085338536764     
   0.0000000000000000     
  -19.204925250098988     
   0.0000000000000000     
  -18.602261414764754     
   0.0000000000000000     
  -18.022277901198944     
   0.0000000000000000     
  -17.463371783288860     
   0.0000000000000000     
  -16.924024075943926     
   0.0000000000000000     
  -16.403083158099914     
   0.0000000000000000     
  -35.961149340019624     
   0.0000000000000000     
  -34.298901101320254     
   0.0000000000000000     
  -32.809319293315177     
   0.0000000000000000     
  -31.470376642033909     
   0.0000000000000000     
  -30.238526885752616     
  -30.696407520510832     
  -29.093830950775683     
   0.0000000000000000     
  -28.024582495398576     
   0.0000000000000000     
  -27.021544911907018     
   0.0000000000000000     
  -26.077073067122296     
   0.0000000000000000     
  -25.184658925294453     
   0.0000000000000000     
  -24.338925164031330     
   0.0000000000000000     
  -23.535260168719432     
   0.0000000000000000     
  -22.769731624700864     
   0.0000000000000000     
  -22.038943476989164     
   0.0000000000000000     
  -21.339934980827056     
   0.0000000000000000     
  -20.670120658191575     
   0.0000000000000000     
  -20.027210028677711     
   0.0000000000000000     
  -19.409176573710415     
   0.0000000000000000     
  -18.814221852168370     
   0.0000000000000000     
  -18.240731912397347     
   0.0000000000000000     
  -17.687270194237399     
   0.0000000000000000     
  -17.152500335163378     
   0.0000000000000000     
  -16.635273628690424     
   0.0000000000000000     
  -16.134434043539123     
   0.0000000000000000     
  -15.649222041958028     
   0.0000000000000000     
  -30.880798793796345     
   0.0000000000000000     
  -29.776537134797579     
   0.0000000000000000     
  -28.745088740153385     
   0.0000000000000000     
  -27.773471324737248     
   0.0000000000000000     
  -26.848987465618183     
  -27.002428194282984     
  -25.968666788049365     
   0.0000000000000000     
  -25.130592536491140     
   0.0000000000000000     
  -24.331605386390148     
   0.0000000000000000     
  -23.568412311997438     
   0.0000000000000000     
  -22.838056165224117     
   0.0000000000000000     
  -22.137947083934041     
   0.0000000000000000     
  -21.465709443791166     
   0.0000000000000000     
  -20.819310067078174     
   0.0000000000000000     
  -20.196940638130378     
   0.0000000000000000     
  -19.596919492545489     
   0.0000000000000000     
  -19.017793639026177     
   0.0000000000000000     
  -18.458194068575466     
   0.0000000000000000     
  -17.916917078620774     
   0.0000000000000000     
  -17.392856678410801     
   0.0000000000000000     
  -16.885000073740766     
   0.0000000000000000     
  -16.392435768377823     
   0.0000000000000000     
  -15.914279351810750     
   0.0000000000000000     
  -15.449842588779678     
   0.0000000000000000     
  -14.998176698456483     
   0.0000000000000000     
  -14.559185511932949     
   0.0000000000000000     
  -26.273676975593304     
   0.0000000000000000     
  -25.489800830779991     
   0.0000000000000000     
  -24.737438454071174     
   0.0000000000000000     
  -24.010555360396438     
   0.0000000000000000     
  -23.309603949294136     
  -23.480112367561233     
  -22.634141089029853     
   0.0000000000000000     
  -21.983207488413640     
   0.0000000000000000     
  -21.355123236840182     
   0.0000000000000000     
  -20.748480310806521     
   0.0000000000000000     
  -20.161905128463289     
   0.0000000000000000     
  -19.594243535313431     
   0.0000000000000000     
  -19.044341687568476     
   0.0000000000000000     
  -18.511215131252811     
   0.0000000000000000     
  -17.993946206847777     
   0.0000000000000000     
  -17.491643520053579     
   0.0000000000000000     
  -17.003554913499372     
   0.0000000000000000     
  -16.528920133774008     
   0.0000000000000000     
  -16.067083427176556     
   0.0000000000000000     
  -15.617447059875760     
   0.0000000000000000     
  -15.179353572345393     
   0.0000000000000000     
  -14.752405927966219     
   0.0000000000000000     
  -14.335826715489718     
   0.0000000000000000     
  -13.929675227820017     
   0.0000000000000000     
  -13.532448799941076     
   0.0000000000000000     
  -13.145766411692769     
   0.0000000000000000     
