 -0.99644159672690780     
   0.0000000000000000     
 -0.79691688907094582     
   0.0000000000000000     
 -0.57163890161068664     
   0.0000000000000000     
 -0.33840139802468905     
   0.0000000000000000     
  -9.8044389978936955E-002
   0.0000000000000000     
  0.14231125325611016     
   0.0000000000000000     
  0.38267103746119507     
   0.0000000000000000     
  0.62302699259228034     
   0.0000000000000000     
  0.86778430452446798     
   0.0000000000000000     
   1.1073044792309590     
   0.0000000000000000     
   1.3520641261272004     
   0.0000000000000000     
   1.5981789934511248     
   0.0000000000000000     
   1.8407386479915351     
   0.0000000000000000     
   2.0810992049259305     
   0.0000000000000000     
   2.3250193251209854     
   0.0000000000000000     
   2.5697819138799907     
   0.0000000000000000     
   2.8137016003382782     
   0.0000000000000000     
   3.0576179817051523     
   0.0000000000000000     
   3.3001770878995247     
   0.0000000000000000     
   3.5462973856379398     
   0.0000000000000000     
   3.7902174034173401     
   0.0000000000000000     
   4.0349804139321339     
   0.0000000000000000     
   4.2745026750158122     
   0.0000000000000000     
   4.5192651297104529     
   0.0000000000000000     
   4.7640297731952677     
   0.0000000000000000     
 -0.99644159672690780     
   0.0000000000000000     
 -0.79691688907094582     
   0.0000000000000000     
 -0.57163890161068664     
   0.0000000000000000     
 -0.33484266334473456     
   0.0000000000000000     
  -9.4485821006271536E-002
   0.0000000000000000     
  0.14231125325611016     
   0.0000000000000000     
  0.38267103746119507     
   0.0000000000000000     
  0.62658571518485084     
   0.0000000000000000     
  0.86778430452446798     
   0.0000000000000000     
   1.1117033401102370     
   0.0000000000000000     
   1.3520641261272004     
   0.0000000000000000     
   1.5981789934511248     
   0.0000000000000000     
   1.8407386479915351     
   0.0000000000000000     
   2.0846580224624232     
   0.0000000000000000     
   2.3250193251209854     
   0.0000000000000000     
   2.5697819138799907     
   0.0000000000000000     
   2.8137016003382782     
   0.0000000000000000     
   3.0576179817051523     
   0.0000000000000000     
   3.3015364177437538     
   0.0000000000000000     
   3.5462973856379398     
   0.0000000000000000     
   3.7902174034173401     
   0.0000000000000000     
   4.0349804139321339     
   0.0000000000000000     
   4.2745026750158122     
   0.0000000000000000     
   4.5192651297104529     
   0.0000000000000000     
   4.7640297731952677     
   0.0000000000000000     
 -0.99644159672690780     
   0.0000000000000000     
 -0.78979969991705101     
   0.0000000000000000     
 -0.55656418766983440     
   0.0000000000000000     
 -0.31976808346126845     
   0.0000000000000000     
  -8.2969924597317057E-002
   0.0000000000000000     
  0.16094500164857131     
   0.0000000000000000     
  0.40130505398119470     
   0.0000000000000000     
  0.64250035049922327     
   0.0000000000000000     
  0.88201937731058044     
   0.0000000000000000     
   1.1267785074450329     
   0.0000000000000000     
   1.3671388400680526     
   0.0000000000000000     
   1.6110547047423682     
   0.0000000000000000     
   1.8536139254494246     
   0.0000000000000000     
   2.0961744355581482     
   0.0000000000000000     
   2.3400945753123197     
   0.0000000000000000     
   2.5840172035874618     
   0.0000000000000000     
   2.8252177136604200     
   0.0000000000000000     
   3.0691340438206587     
   0.0000000000000000     
   3.3130526139205050     
   0.0000000000000000     
   3.5556144767544775     
   0.0000000000000000     
   3.8017336703629629     
   0.0000000000000000     
   4.0420981830726070     
   0.0000000000000000     
   4.2860190564628269     
   0.0000000000000000     
   4.5299415823199309     
   0.0000000000000000     
   4.7711474594772723     
   0.0000000000000000     
 -0.98492620489310723     
   0.0000000000000000     
 -0.74101790797213085     
   0.0000000000000000     
 -0.50778134281143927     
   0.0000000000000000     
 -0.26742623580428881     
   0.0000000000000000     
  -2.6230154483243895E-002
   0.0000000000000000     
  0.21328765368476360     
   0.0000000000000000     
  0.45448630636118675     
   0.0000000000000000     
  0.69400230843258559     
   0.0000000000000000     
  0.93520230169353225     
   0.0000000000000000     
   1.1755629219382890     
   0.0000000000000000     
   1.4159216532784735     
   0.0000000000000000     
   1.6598379005841026     
   0.0000000000000000     
   1.9010379254980738     
   0.0000000000000000     
   2.1449593034496610     
   0.0000000000000000     
   2.3853201722690831     
   0.0000000000000000     
   2.6256846849787259     
   0.0000000000000000     
   2.8696018000539989     
   0.0000000000000000     
   3.1135186468966949     
   0.0000000000000000     
   3.3547189082887567     
   0.0000000000000000     
   3.5986406176859607     
   0.0000000000000000     
   3.8412009108769007     
   0.0000000000000000     
   4.0837655303983134     
   0.0000000000000000     
   4.3276861356554894     
   0.0000000000000000     
   4.5680500292506778     
   0.0000000000000000     
   4.8084159775743398     
   0.0000000000000000     
 -0.83062475186600060     
   0.0000000000000000     
 -0.59738945652885023     
   0.0000000000000000     
 -0.35787497284362713     
   0.0000000000000000     
 -0.12107584391888081     
   0.0000000000000000     
  0.12011896754207896     
   0.0000000000000000     
  0.35691953202217014     
   0.0000000000000000     
  0.59507650406423651     
   0.0000000000000000     
  0.83323539666151580     
   0.0000000000000000     
   1.0744357409081864     
   0.0000000000000000     
   1.3112393227406041     
   0.0000000000000000     
   1.5507546936296288     
   0.0000000000000000     
   1.7919543359072356     
   0.0000000000000000     
   2.0314750273082138     
   0.0000000000000000     
   2.2726766097919660     
   0.0000000000000000     
   2.5130399354824551     
   0.0000000000000000     
   2.7498444753668791     
   0.0000000000000000     
   2.9937594016127669     
   0.0000000000000000     
   3.2341194539453908     
   0.0000000000000000     
   3.4753200151172785     
   0.0000000000000000     
   3.7148415621189734     
   0.0000000000000000     
   3.9560448799424921     
   0.0000000000000000     
   4.1999675911169607     
   0.0000000000000000     
   4.4403302660373054     
   0.0000000000000000     
   4.6806958633795563     
   0.0000000000000000     
   4.9232618040008305     
   0.0000000000000000     
