   6.5292219512347316E-005
   7.8139567654011977E-005
   9.4198752831231580E-005
   1.1561099973378397E-004
   1.4558814539755716E-004
   1.8841263920288398E-004
   2.5479060460109615E-004
   3.6292245145952418E-004
   5.5670328592860585E-004
   9.6032414004354472E-004
   2.0191597493796065E-003
   6.2759144336268641E-003
   3.1734005388534908E-002
   4.0310680885392164E-002
   9.4782021686121973E-002
  0.17029746392379289     
  0.24909326238695009     
  0.32917486627661152     
  0.40990097879804283     
  0.49100180564027052     
  0.57234137903546278     
  0.65384475611946036     
  0.73546482994907725     
  0.81717269399099512     
  0.89894693599831121     
  0.98077470862288396     
   1.0626453057412619     
   1.1445512330670291     
   1.2264860669261151     
   1.3084455248691389     
   1.3904253244467204     
   1.4724233244341691     
   1.5544363129944496     
   1.6364632195152169     
   1.7185029733841257     
   1.8005523627641409     
   1.8826113876552621     
   1.9646779068327993     
   2.0467529909090976     
   2.1288344986594665     
   2.2109224300839063     
   2.2930157145700720     
   2.3751143521179632     
   2.4572183427275798     
   2.5393255451742323     
   2.6214370300702647     
   2.7035527974156781     
   2.7856707059857815     
   2.8677928970052657     
   2.9499172292494400     
   3.0320447733306497     
   3.1141755292488948     
   3.1963073557794850     
   3.2784423941471110     
   3.3605795737394266     
   3.4427178239440877     
   3.5248582153734391     
   3.6070007480274806     
   3.6891454219062125     
   3.7712911663972895     
   3.8534379815007118     
   3.9355869378288242     
   4.0177358941569370     
   4.0998869917097398     
   4.1820402304872335     
   4.2641934692647272     
   4.3463477786545655     
   4.4285031586567492     
   4.5106596092712774     
   4.5928171304981520     
   4.6749757223373702     
   4.7571353847889348     
   4.8392950472404985     
   4.9214568509167531     
   5.0036186545930077     
   3.0853288195187289E-004
   3.6593906615034477E-004
   4.4128468291093625E-004
   5.4174550525876164E-004
   6.8346702249943991E-004
   8.8618261045136926E-004
   1.1947408505196266E-003
   1.6952510190024195E-003
   2.5886347605952320E-003
   4.3987235061118124E-003
   8.8207936326711311E-003
   2.2126470763985759E-002
   5.8735470793477046E-002
   6.7545526124727681E-002
  0.11931374383200699     
  0.19086744114459547     
  0.26685935407304917     
  0.34495735638429420     
  0.42421245209579517     
  0.50417436145024308     
  0.58460269605130577     
  0.66535752832499884     
  0.74634736716525552     
  0.82751660033113317     
  0.90882576107099533     
  0.99024435234948638     
   1.0717508468475316     
   1.1533326869623377     
   1.2349755211478548     
   1.3166685857445459     
   1.3984064989226423     
   1.4801820849091192     
   1.5619917558174641     
   1.6438283358746519     
   1.7256918250806832     
   1.8075768416057889     
   1.8894833854499691     
   1.9714060747834552     
   2.0533467035495034     
   2.1353016838616012     
   2.2172692217764927     
   2.2992475233509211     
   2.3812383825281431     
   2.4632400053649026     
   2.5452505979179429     
   2.6272683662440084     
   2.7092951042863547     
   2.7913290181017256     
   2.8733701076901217     
   2.9554165791082863     
   3.0374702262994759     
   3.1195274613771775     
   3.2015918722279046     
   3.2836598709651437     
   3.3657332515321512     
   3.4478102199856715     
   3.5298907763257041     
   3.6119767144955057     
   3.6940644466085630     
   3.7761575605513893     
   3.8582524684374713     
   3.9403509642100660     
   4.0224512539259178     
   4.1045551315282811     
   4.1866608030739014     
   4.2687700625060341     
   4.3508811158814229     
   4.4329957571433232     
   4.5151103984052243     
   4.5972286275536378     
   4.6793486506453075     
   4.7614704676802342     
   4.8435922847151600     
   4.9257176896365982     
   5.0078448885012925     
   1.4458307935112380E-003
   1.7133624406857617E-003
   2.0650613476456137E-003
   2.5369991971558870E-003
   3.1862894869282288E-003
   4.1211472652574743E-003
   5.5219309459698662E-003
   7.7553693038433513E-003
   1.1566943782691186E-002
   1.8636993604654983E-002
   3.2647836385340606E-002
   5.9806807533912876E-002
  0.10423810277985052     
  0.11318087413203672     
  0.16284761238713882     
  0.23006964486153147     
  0.30214632464139662     
  0.37707567333327013     
  0.45378455837488957     
  0.53167178505350288     
  0.61037964251502275     
  0.68968568871573099     
  0.76943661900387561     
  0.84953023027828889     
  0.92989738514700426     
   1.0104809701123105     
   1.0912449134914421     
   1.1721561495751980     
   1.2531906305750682     
   1.3343333266232336     
   1.4155662018783117     
   1.4968742264724839     
   1.5782543944321865     
   1.6596916758896003     
   1.7411860708447258     
   1.8227225494297437     
   1.9043041176182181     
   1.9859247634630215     
   2.0675754690434625     
   2.1492592403331043     
   2.2309730713583842     
   2.3127079441986105     
   2.3944698708009104     
   2.4762528392181569     
   2.5580538434767859     
   2.6398728835767971     
   2.7217099595181913     
   2.8035620653274038     
   2.8854292010044356     
   2.9673083605757222     
   3.0492025500148277     
   3.1311087633481880     
   3.2130239946022399     
   3.2949482437769828     
   3.3768845168459811     
   3.4588298078356705     
   3.5407841167460510     
   3.6227444376035591     
   3.7047137763817588     
   3.7866891271070857     
   3.8686734957531037     
   3.9506638763462498     
   4.0326602688865236     
   4.1146626733739247     
   4.1966680838348900     
   4.2786825122165464     
   4.3606999465717662     
   4.4427233928741137     
   4.5247498451500245     
   4.6067823093730640     
   4.6888177795696659     
   4.7708562557398331     
   4.8529007438571270     
   4.9349482379479843     
   5.0169987380124059     
   6.7292005990839954E-003
   7.9581993405308804E-003
   9.5498534483059450E-003
   1.1655269325047124E-002
   1.4506143454796727E-002
   1.8480241844147205E-002
   2.4187026983734428E-002
   3.2618764250873844E-002
   4.5351997113077080E-002
   6.4618063449282614E-002
   9.2895108262735671E-002
  0.13169419557980519     
  0.18062748563372330     
  0.18964853787114658     
  0.23784306180185366     
  0.30117676357468559     
  0.36886232974346045     
  0.43963046652602811     
  0.51261483054727042     
  0.58722610683690346     
  0.66306638186798328     
  0.73985359035558773     
  0.81737618333602524     
  0.89549312816683446     
  0.97408857660599391     
   1.0530819385720971     
   1.1324026977439137     
   1.2120055222006523     
   1.2918400431414343     
   1.3718810761658200     
   1.4520983999932822     
   1.5324668302233813     
   1.6129762930959413     
   1.6936016042105231     
   1.7743326898069507     
   1.8551544392449604     
   1.9360668525245524     
   2.0170548190054625     
   2.0981133018076035     
   2.1792322271707993     
   2.2604115950950496     
   2.3416413318201790     
   2.4229214373461874     
   2.5042418379128990     
   2.5856075704004016     
   2.6670085610485192     
   2.7484448098572525     
   2.8299163168266008     
   2.9114180450764771     
   2.9929449577267921     
   3.0744970547775470     
   3.1560793731088292     
   3.2376818389604627     
   3.3193044523324482     
   3.4009472132247853     
   3.4826101216374736     
   3.5642931775705140     
   3.6459913441438174     
   3.7277096582374729     
   3.8094380460913042     
   3.8911815445853990     
   3.9729401537197577     
   4.0547138734943804     
   4.1364976670291789     
   4.2182915343241527     
   4.3001005122593909     
   4.3819195639548045     
   4.4637486894103944     
   4.5455878886261596     
   4.6274321247220129     
   4.7092914714581298     
   4.7911558550743347     
   4.8730303124507151     
   4.9549098067071835     
   5.0367993747238282     
   3.0231655810672997E-002
   3.5320924485356842E-002
   4.1693060222315115E-002
   4.9744739021068241E-002
   6.0016115434152195E-002
   7.3173942737355557E-002
   9.0062212419016352E-002
  0.11159243528654150     
  0.13864236248780243     
  0.17185342755393768     
  0.21147038801656465     
  0.25728224600359922     
  0.30871508730297059     
  0.31777955588773027     
  0.36500412106652186     
  0.42535340217022938     
  0.48903644965287546     
  0.55543714972797287     
  0.62403222767275124     
  0.69441656757280812     
  0.76628633249234135     
  0.83936300524019924     
  0.91346090768894728     
  0.98840280162603400     
   1.0640705282430922     
   1.1403543686466380     
   1.2171699236878368     
   1.2944412341327389     
   1.3721092205771601     
   1.4501316834466838     
   1.5284579832520095     
   1.6070628002484868     
   1.6859123747765825     
   1.7649729471767630     
   1.8442360775341449     
   1.9236764461040776     
   2.0032771730567949     
   2.0830213785625298     
   2.1629006227063989     
   2.2428980256586359     
   2.3230135874192399     
   2.4032304281584445     
   2.4835316680464832     
   2.5639257469982391     
   2.6444042250988287     
   2.7249586624333690     
   2.8055806190869763     
   2.8862616551447675     
   2.9670102105216256     
   3.0478178453026676     
   3.1286761195730097     
   3.2095765934177689     
   3.2905361466667120     
   3.3715294595751883     
   3.4525734119729652     
   3.5336511240302757     
   3.6147710356620029     
   3.6959162670383803     
   3.7771036979891748     
   3.8583248885995030     
   3.9395713989544809     
   4.0208432290541092     
   4.1021488188132720     
   4.1834712884022007     
   4.2648275176506631     
   4.3462006267288924     
   4.4275990555517719     
   4.5090228041193017     
   4.5904634325165983     
   4.6719209407436617     
   4.7533953288004920     
   4.8348950366019725     
   4.9164031843183356     
   4.9979366517793498     
   5.0794869990701299     
