   1.5499676697164351E-002
   0.0000000000000000     
   6.4404336650129863E-003
   0.0000000000000000     
   1.0845760405057989E-003
   0.0000000000000000     
   6.5989078879976823E-004
   0.0000000000000000     
   5.4572794578523201E-004
   0.0000000000000000     
   4.7057771673867348E-004
   0.0000000000000000     
   4.1531327786655865E-004
   0.0000000000000000     
   3.8472551727675646E-004
   0.0000000000000000     
   3.3806444542452404E-004
   0.0000000000000000     
   3.2519692619337057E-004
   0.0000000000000000     
   3.0867562593888764E-004
   0.0000000000000000     
   3.5320783331338528E-004
   0.0000000000000000     
   6.3174196739933439E-006
   0.0000000000000000     
   3.6245415847446284E-004
   3.2460194129503338E-003
   5.3511348287187939E-006
   0.0000000000000000     
   4.3374952847318685E-006
   0.0000000000000000     
   3.3210832523192481E-006
   0.0000000000000000     
   2.5287805969519331E-006
   0.0000000000000000     
   1.9102473251296625E-006
   0.0000000000000000     
   1.4359499439040695E-006
   0.0000000000000000     
   1.0705148289616314E-006
   0.0000000000000000     
   7.8809445841740104E-007
   0.0000000000000000     
   5.7615995507203580E-007
   0.0000000000000000     
   4.1755437803783392E-007
   0.0000000000000000     
   2.9993390052027032E-007
   0.0000000000000000     
   2.1187078742798399E-007
   0.0000000000000000     
   1.4695797591497732E-007
   0.0000000000000000     
   1.0020500132851477E-007
   0.0000000000000000     
   6.7262621708539341E-008
   0.0000000000000000     
   4.4616635711390191E-008
   0.0000000000000000     
   2.8949698257619559E-008
   0.0000000000000000     
   1.8473896500780768E-008
   0.0000000000000000     
   1.1538409210912255E-008
   0.0000000000000000     
   6.9844625341155780E-009
   0.0000000000000000     
   4.0571708431370523E-009
   0.0000000000000000     
   2.2296626681598445E-009
   0.0000000000000000     
   1.1690047049564208E-009
   0.0000000000000000     
   5.6919303093372585E-010
   0.0000000000000000     
   2.5870760149248874E-010
   0.0000000000000000     
   1.0307926761606356E-010
   0.0000000000000000     
   3.6141817607557956E-011
   0.0000000000000000     
   1.0000528554158574E-011
   0.0000000000000000     
   1.4851951518487658E-012
   0.0000000000000000     
   1.5680249256080594E-014
   0.0000000000000000     
   2.5478239361863262E-015
   0.0000000000000000     
   2.1473402596471958E-016
   0.0000000000000000     
   1.1978982379839038E-017
   0.0000000000000000     
   4.8709224315551964E-019
   0.0000000000000000     
   1.4569153042457909E-020
   0.0000000000000000     
   3.3361216877081762E-022
   0.0000000000000000     
   5.7296154445871234E-024
   0.0000000000000000     
   7.6487489897235626E-026
   0.0000000000000000     
   7.5110605553337984E-028
   0.0000000000000000     
   4.6789653888028226E-030
   0.0000000000000000     
   1.4736347910435124E-032
   0.0000000000000000     
   2.8909141523837097E-035
   0.0000000000000000     
   3.9836512520095493E-038
   0.0000000000000000     
   4.7402728948697496E-041
   0.0000000000000000     
   4.0479596722399019E-044
   0.0000000000000000     
   2.5919747551124034E-047
   0.0000000000000000     
   1.6684204795502557E-050
   0.0000000000000000     
   1.0833414048215792E-053
   0.0000000000000000     
   5.9190782364385389E-057
   0.0000000000000000     
   1.1605200906503325E-060
   0.0000000000000000     
   8.2075837461812789E-066
   0.0000000000000000     
   1.3288963007456586E-071
   0.0000000000000000     
   3.4452323771351706E-078
   0.0000000000000000     
   8.5616993034157523E-086
   0.0000000000000000     
   1.0742781289426392E-094
   0.0000000000000000     
   3.3683750456937061E-103
   0.0000000000000000     
   3.2415548139809192E-112
   0.0000000000000000     
   4.7599808747424906E-123
   0.0000000000000000     
   6.5050246375615638E-134
   0.0000000000000000     
   1.2248893519044622E-147
   0.0000000000000000     
   2.3455126634842333E-166
   0.0000000000000000     
  0.11724729609269496     
   0.0000000000000000     
   5.3516112893752771E-002
   0.0000000000000000     
   1.0351988223160271E-002
   0.0000000000000000     
   6.0209829421122513E-003
   0.0000000000000000     
   4.7659402499971529E-003
   0.0000000000000000     
   3.9421670708780915E-003
   0.0000000000000000     
   3.3727658274287720E-003
   0.0000000000000000     
   3.0705379087397869E-003
   0.0000000000000000     
   2.7541934912204400E-003
   0.0000000000000000     
   2.5115976628291756E-003
   0.0000000000000000     
   2.3283355555503990E-003
   0.0000000000000000     
   2.4963688447670299E-003
   0.0000000000000000     
   1.9401721027675973E-004
   0.0000000000000000     
   2.3213183567082560E-003
   2.0612404586848109E-002
   1.2833690981610741E-004
   0.0000000000000000     
   1.0725794675436267E-004
   0.0000000000000000     
   8.6081154406114296E-005
   0.0000000000000000     
   6.8760012367848972E-005
   0.0000000000000000     
   5.4411624312588759E-005
   0.0000000000000000     
   4.3051124187136220E-005
   0.0000000000000000     
   3.3860722992861825E-005
   0.0000000000000000     
   2.6465304948090856E-005
   0.0000000000000000     
   2.0373575418674026E-005
   0.0000000000000000     
   1.5518403942720032E-005
   0.0000000000000000     
   1.1670819885703314E-005
   0.0000000000000000     
   8.7578606333341802E-006
   0.0000000000000000     
   6.5104642563629719E-006
   0.0000000000000000     
   4.7906688103959522E-006
   0.0000000000000000     
   3.4480146383281319E-006
   0.0000000000000000     
   2.4378432627711712E-006
   0.0000000000000000     
   1.6967819289190440E-006
   0.0000000000000000     
   1.1749071702519526E-006
   0.0000000000000000     
   8.0317289888280181E-007
   0.0000000000000000     
   5.3673390960927128E-007
   0.0000000000000000     
   3.4810286025463605E-007
   0.0000000000000000     
   2.1792133456616117E-007
   0.0000000000000000     
   1.3213169552894400E-007
   0.0000000000000000     
   7.6848197574219055E-008
   0.0000000000000000     
   4.2874270369022084E-008
   0.0000000000000000     
   2.2262733265231370E-008
   0.0000000000000000     
   1.0813648918405555E-008
   0.0000000000000000     
   4.7839256389916425E-009
   0.0000000000000000     
   1.8215368894996832E-009
   0.0000000000000000     
   5.4472454318145908E-010
   0.0000000000000000     
   8.4390752895682916E-011
   0.0000000000000000     
   6.9441702106781307E-013
   0.0000000000000000     
   1.1490943087316161E-013
   0.0000000000000000     
   1.0451455724956262E-014
   0.0000000000000000     
   5.7034205822632104E-016
   0.0000000000000000     
   2.2193834726580422E-017
   0.0000000000000000     
   6.2713799481957061E-019
   0.0000000000000000     
   1.3286882937731803E-020
   0.0000000000000000     
   2.0397146061834985E-022
   0.0000000000000000     
   2.3669313883482338E-024
   0.0000000000000000     
   2.0649145401197293E-026
   0.0000000000000000     
   1.1923905520232701E-028
   0.0000000000000000     
   3.4092395016816766E-031
   0.0000000000000000     
   6.0286831539237654E-034
   0.0000000000000000     
   7.4017354474672476E-037
   0.0000000000000000     
   8.1674831732971323E-040
   0.0000000000000000     
   5.2933856445558317E-043
   0.0000000000000000     
   2.5360552844231701E-046
   0.0000000000000000     
   1.5226157434128505E-049
   0.0000000000000000     
   1.0547285882532669E-053
   0.0000000000000000     
   1.7762154081647921E-059
   0.0000000000000000     
   2.1540657284824722E-063
   0.0000000000000000     
   1.4405049439984179E-068
   0.0000000000000000     
   2.1938452657394334E-074
   0.0000000000000000     
   5.2857114430224962E-081
   0.0000000000000000     
   1.1997481920246805E-088
   0.0000000000000000     
   1.1599106696671321E-097
   0.0000000000000000     
   1.7033662917651841E-108
   0.0000000000000000     
   2.3278330686231873E-119
   0.0000000000000000     
   4.3832853795869299E-133
   0.0000000000000000     
   8.3934531306859869E-152
   0.0000000000000000     
  0.19010461201023357     
   0.0000000000000000     
  0.11305669761559754     
   0.0000000000000000     
   3.1787189315161390E-002
   0.0000000000000000     
   1.8802953907174950E-002
   0.0000000000000000     
   1.4865648098366890E-002
   0.0000000000000000     
   1.1426893726547952E-002
   0.0000000000000000     
   9.0083502047925788E-003
   0.0000000000000000     
   8.1499376208695688E-003
   0.0000000000000000     
   7.4093219323269101E-003
   0.0000000000000000     
   6.7481577323010977E-003
   0.0000000000000000     
   6.1463313444112839E-003
   0.0000000000000000     
   5.5784927814236723E-003
   0.0000000000000000     
   1.8486511808184607E-003
   0.0000000000000000     
   3.7171364045741808E-003
   3.2320891718611869E-002
   9.6717323435207094E-004
   0.0000000000000000     
   8.6194935703190186E-004
   0.0000000000000000     
   7.2803652999861438E-004
   0.0000000000000000     
   6.1292863765561863E-004
   0.0000000000000000     
   5.1283822452937410E-004
   0.0000000000000000     
   4.2713461044996572E-004
   0.0000000000000000     
   3.5296383588981367E-004
   0.0000000000000000     
   2.8988091318661363E-004
   0.0000000000000000     
   2.3564445271886879E-004
   0.0000000000000000     
   1.9015524092460821E-004
   0.0000000000000000     
   1.5163340121757414E-004
   0.0000000000000000     
   1.2080709874887875E-004
   0.0000000000000000     
   9.5568945597513530E-005
   0.0000000000000000     
   7.4855098182011811E-005
   0.0000000000000000     
   5.7539251899747412E-005
   0.0000000000000000     
   4.3464489308506347E-005
   0.0000000000000000     
   3.2387416003451644E-005
   0.0000000000000000     
   2.3805541333762867E-005
   0.0000000000000000     
   1.7609708620130978E-005
   0.0000000000000000     
   1.2813674018913286E-005
   0.0000000000000000     
   9.1184121334799107E-006
   0.0000000000000000     
   6.3273126008212200E-006
   0.0000000000000000     
   4.2814688193556540E-006
   0.0000000000000000     
   2.8206910753935801E-006
   0.0000000000000000     
   1.8038898633588300E-006
   0.0000000000000000     
   1.1118261790222341E-006
   0.0000000000000000     
   6.5460834465027835E-007
   0.0000000000000000     
   3.6366107230366252E-007
   0.0000000000000000     
   1.8810342834954614E-007
   0.0000000000000000     
   8.8460136180943049E-008
   0.0000000000000000     
   3.5835205119368871E-008
   0.0000000000000000     
   1.1046158203276392E-008
   0.0000000000000000     
   1.6811993171109847E-009
   0.0000000000000000     
   1.1755716473116670E-011
   0.0000000000000000     
   1.9921243179932780E-012
   0.0000000000000000     
   2.0808409049726726E-013
   0.0000000000000000     
   1.1065444529284648E-014
   0.0000000000000000     
   4.0228458433966176E-016
   0.0000000000000000     
   1.0342432986376812E-017
   0.0000000000000000     
   1.8902619369299321E-019
   0.0000000000000000     
   2.2040817875658579E-021
   0.0000000000000000     
   1.4668685666325069E-023
   0.0000000000000000     
   4.8842132485972255E-026
   0.0000000000000000     
   1.0037153190813347E-028
   0.0000000000000000     
   1.4462111279167498E-031
   0.0000000000000000     
   1.7421731179760871E-034
   0.0000000000000000     
   1.6469276382975505E-037
   0.0000000000000000     
   1.1186903508401606E-040
   0.0000000000000000     
   7.1091495122080847E-044
   0.0000000000000000     
   5.8956101555680473E-047
   0.0000000000000000     
   3.3544500924394688E-050
   0.0000000000000000     
   6.6563246729623069E-054
   0.0000000000000000     
   4.4742473739295088E-059
   0.0000000000000000     
   6.8155547495235229E-065
   0.0000000000000000     
   1.6421021551957837E-071
   0.0000000000000000     
   3.7272354804704232E-079
   0.0000000000000000     
   3.6034729878732978E-088
   0.0000000000000000     
   5.2918165004831116E-099
   0.0000000000000000     
   7.2318358666971712E-110
   0.0000000000000000     
   1.3617471479952294E-123
   0.0000000000000000     
   2.6075785336204567E-142
   0.0000000000000000     
   3.0334807430378061E-002
   0.0000000000000000     
   3.9216975502323906E-002
   0.0000000000000000     
   3.0258208900578974E-002
   0.0000000000000000     
   2.1829761421729807E-002
   0.0000000000000000     
   2.1736070803161318E-002
   0.0000000000000000     
   1.6626200467734695E-002
   0.0000000000000000     
   7.5468578722208473E-003
   0.0000000000000000     
   6.9785597617772260E-003
   0.0000000000000000     
   6.5796351081429012E-003
   0.0000000000000000     
   6.2615136443647159E-003
   0.0000000000000000     
   6.0811009414960000E-003
   0.0000000000000000     
   5.9833773744210166E-003
   0.0000000000000000     
   4.8831768324167878E-003
   0.0000000000000000     
   2.2444958841344172E-003
   1.2234846238855743E-002
   2.0097432512231781E-003
   0.0000000000000000     
   2.1289457715263985E-003
   0.0000000000000000     
   1.8491586635756066E-003
   0.0000000000000000     
   1.6512615222379191E-003
   0.0000000000000000     
   1.4610737736012222E-003
   0.0000000000000000     
   1.2911995759166267E-003
   0.0000000000000000     
   1.1261919366431488E-003
   0.0000000000000000     
   9.7488694716372614E-004
   0.0000000000000000     
   8.3900429252984862E-004
   0.0000000000000000     
   7.2224795275734716E-004
   0.0000000000000000     
   6.1731148423967662E-004
   0.0000000000000000     
   5.2182848406652981E-004
   0.0000000000000000     
   4.3774569829032646E-004
   0.0000000000000000     
   3.6355834044807017E-004
   0.0000000000000000     
   2.9846589905979041E-004
   0.0000000000000000     
   2.4182221325518062E-004
   0.0000000000000000     
   1.9242486255923081E-004
   0.0000000000000000     
   1.4941405544885496E-004
   0.0000000000000000     
   1.1829675828044711E-004
   0.0000000000000000     
   9.2443356402476957E-005
   0.0000000000000000     
   7.1007529636057701E-005
   0.0000000000000000     
   5.3570270242178635E-005
   0.0000000000000000     
   3.9660340217965470E-005
   0.0000000000000000     
   2.8770528123617755E-005
   0.0000000000000000     
   2.0365942007948079E-005
   0.0000000000000000     
   1.3997889757384463E-005
   0.0000000000000000     
   9.2987448265644977E-006
   0.0000000000000000     
   5.9335842635746081E-006
   0.0000000000000000     
   3.6229820475095217E-006
   0.0000000000000000     
   2.0854410158364033E-006
   0.0000000000000000     
   1.1185067024745167E-006
   0.0000000000000000     
   5.3557561409734829E-007
   0.0000000000000000     
   2.0878328441559343E-007
   0.0000000000000000     
   3.9791839578984396E-008
   0.0000000000000000     
   1.7877416958558813E-010
   0.0000000000000000     
   3.7750061995303245E-011
   0.0000000000000000     
   4.3309481103582383E-012
   0.0000000000000000     
   2.3832746212947514E-013
   0.0000000000000000     
   8.9157415979282522E-015
   0.0000000000000000     
   2.3740468892116553E-016
   0.0000000000000000     
   4.6393648577007812E-018
   0.0000000000000000     
   5.7846205338478779E-020
   0.0000000000000000     
   4.0065608775288108E-022
   0.0000000000000000     
   1.2379604054667338E-024
   0.0000000000000000     
   2.3478087984153835E-027
   0.0000000000000000     
   3.1471643516814583E-030
   0.0000000000000000     
   4.0725476983371652E-033
   0.0000000000000000     
   3.2519617626044887E-036
   0.0000000000000000     
   2.1058810734151308E-039
   0.0000000000000000     
   2.2679845744128918E-042
   0.0000000000000000     
   1.3166637338145422E-045
   0.0000000000000000     
   2.6127277079304484E-049
   0.0000000000000000     
   1.7562231413190770E-054
   0.0000000000000000     
   2.6752287094740376E-060
   0.0000000000000000     
   6.4455484421454137E-067
   0.0000000000000000     
   1.4630074486321863E-074
   0.0000000000000000     
   1.4144284282081732E-083
   0.0000000000000000     
   2.0771338429157609E-094
   0.0000000000000000     
   2.8386265895193753E-105
   0.0000000000000000     
   5.3451042498104016E-119
   0.0000000000000000     
   1.0235218133034714E-137
   0.0000000000000000     
   4.7878700181543403E-004
   0.0000000000000000     
   7.4541378479822695E-004
   0.0000000000000000     
   1.0111314886007145E-003
   0.0000000000000000     
   1.1680919356322728E-003
   0.0000000000000000     
   1.3867425257439578E-003
   0.0000000000000000     
   1.4117710458951516E-003
   0.0000000000000000     
   1.3785089521174058E-003
   0.0000000000000000     
   1.3773408059895805E-003
   0.0000000000000000     
   1.3594819706713749E-003
   0.0000000000000000     
   1.3485205509716765E-003
   0.0000000000000000     
   1.3315603397770603E-003
   0.0000000000000000     
   1.3006252665591924E-003
   0.0000000000000000     
   7.0991821685618788E-004
   0.0000000000000000     
   7.9765178808034352E-004
   1.0975017354733806E-003
   1.0568373520145147E-003
   0.0000000000000000     
   1.2705720516413873E-003
   0.0000000000000000     
   1.0954633053770518E-003
   0.0000000000000000     
   1.0648132909628649E-003
   0.0000000000000000     
   9.8369187994397302E-004
   0.0000000000000000     
   9.1718501810954560E-004
   0.0000000000000000     
   8.4883235757599582E-004
   0.0000000000000000     
   7.8264618732796283E-004
   0.0000000000000000     
   7.1815056020589076E-004
   0.0000000000000000     
   6.6262241023379721E-004
   0.0000000000000000     
   6.0737074601972427E-004
   0.0000000000000000     
   5.3822994216072919E-004
   0.0000000000000000     
   4.7963967460530935E-004
   0.0000000000000000     
   4.2681995178885866E-004
   0.0000000000000000     
   3.7653656924929908E-004
   0.0000000000000000     
   3.2648535752564760E-004
   0.0000000000000000     
   2.7892461779334128E-004
   0.0000000000000000     
   2.3575319954269598E-004
   0.0000000000000000     
   1.9604831326710300E-004
   0.0000000000000000     
   1.6054106446796134E-004
   0.0000000000000000     
   1.2986862747334916E-004
   0.0000000000000000     
   1.0419404691733595E-004
   0.0000000000000000     
   8.2616146518063073E-005
   0.0000000000000000     
   6.4188197556106066E-005
   0.0000000000000000     
   4.8398502280889698E-005
   0.0000000000000000     
   3.5313930102443759E-005
   0.0000000000000000     
   2.5039592780962105E-005
   0.0000000000000000     
   1.7223579334712013E-005
   0.0000000000000000     
   1.1409180136889456E-005
   0.0000000000000000     
   7.1558040604941794E-006
   0.0000000000000000     
   4.2656319717875157E-006
   0.0000000000000000     
   2.3562105714385682E-006
   0.0000000000000000     
   1.0746944533417845E-006
   0.0000000000000000     
   2.2319785615715136E-007
   0.0000000000000000     
   8.8790825868268995E-010
   0.0000000000000000     
   2.0002958259076982E-010
   0.0000000000000000     
   2.3709279575134624E-011
   0.0000000000000000     
   1.3169787536810541E-012
   0.0000000000000000     
   4.9547702887383376E-014
   0.0000000000000000     
   1.3244768593425887E-015
   0.0000000000000000     
   2.5971659880884832E-017
   0.0000000000000000     
   3.2459233652147731E-019
   0.0000000000000000     
   2.2513430930317861E-021
   0.0000000000000000     
   6.9592844677730942E-024
   0.0000000000000000     
   1.3201101868839499E-026
   0.0000000000000000     
   1.7696834573562583E-029
   0.0000000000000000     
   2.2903980278663977E-032
   0.0000000000000000     
   1.8290180327476519E-035
   0.0000000000000000     
   1.1844298678218004E-038
   0.0000000000000000     
   1.2757080866191701E-041
   0.0000000000000000     
   7.4060811745131121E-045
   0.0000000000000000     
   1.4696291139775028E-048
   0.0000000000000000     
   9.8785520257976120E-054
   0.0000000000000000     
   1.5047852044376747E-059
   0.0000000000000000     
   3.6255464423951367E-066
   0.0000000000000000     
   8.2292476710026792E-074
   0.0000000000000000     
   7.9559963003020985E-083
   0.0000000000000000     
   1.1683637602225753E-093
   0.0000000000000000     
   1.5966946219233815E-104
   0.0000000000000000     
   3.0065593131561219E-118
   0.0000000000000000     
   5.7571918080272218E-137
   0.0000000000000000     
