  0.49822069428396554     
  0.43242691873782735     
  0.37946947112595747     
  0.33751136736625709     
  0.31656888880485046     
  0.29881165060751935     
  0.28321923146002392     
  0.27207089018575964     
  0.26217184977285435     
  0.25313110766164593     
  0.24659850392095220     
  0.24072392887822611     
  0.23519267315617881     
  0.23430576491109192     
  0.22999520010701366     
  0.22508382649174755     
  0.22044901566258376     
  0.21605262102833583     
  0.21189464258900373     
  0.20794647040119754     
  0.20418903116932405     
  0.20061278824558657     
  0.19720820498218850     
  0.19442350382557158     
  0.19193443875065030     
  0.18953120350589872     
  0.18673696570148515     
  0.18382828812351201     
  0.18104358696689513     
  0.17876432814349977     
  0.17679024204959667     
  0.17488291249027002     
  0.17310909600009625     
  0.17144971928348204     
  0.16982848915805440     
  0.16806420931567723     
  0.16619502634753711     
  0.16438306326617677     
  0.16252341694583330     
  0.16062562403430328     
  0.15879458765734969     
  0.15715428423632877     
  0.15572378706683379     
  0.15432189984072869     
  0.15297723250140341     
  0.15170885834445116     
  0.15046909413088885     
  0.14923886656512317     
  0.14799910235156083     
  0.14678794808138843     
  0.14560540375460587     
  0.14445146937121325     
  0.14332614493121051     
  0.14219128384341118     
  0.14103734946001853     
  0.13990248837221919     
  0.13884392046679289     
  0.13795701222170600     
  0.13709871392000902     
  0.13622134232271874     
  0.13526767754305544     
  0.13433308605898536     
  0.13342710451830520     
  0.13256880621660819     
  0.13172958121050446     
  0.13087128290880748     
  0.12982225165117781     
  0.12879229368914144     
  0.12780048231829158     
  0.12704708714235755     
  0.12630322861422014     
  0.12557844338167604     
  0.12486319479692853     
  0.12415748285997766     
  0.12346130757082344     
  0.43297918727007101     
  0.39986071210794905     
  0.37097650856753217     
  0.34587500748390454     
  0.33235204090827852     
  0.32025957150214757     
  0.30910169358008666     
  0.30170125488989924     
  0.29494930824988286     
  0.28855021757834193     
  0.28320969481222730     
  0.27820295471899487     
  0.27340602087728827     
  0.27263355240576104     
  0.26818947453252995     
  0.26308736796133114     
  0.25822367758504816     
  0.25409430908910596     
  0.25027011332265603     
  0.24657943062535895     
  0.24347048344365649     
  0.24059995245686985     
  0.23781525130025297     
  0.23482074389211011     
  0.23181669983617062     
  0.22890802225819748     
  0.22634266400090314     
  0.22396803869954143     
  0.22166016993275620     
  0.21914249491444501     
  0.21653899006596414     
  0.21401177839985633     
  0.21194232582798692     
  0.21019711928120302     
  0.20849005932560566     
  0.20662087635746554     
  0.20461818032017257     
  0.20267270416965935     
  0.20084166779270576     
  0.19912507118931180     
  0.19744662117710435     
  0.19566326803913389     
  0.19374640183201061     
  0.19187721886387052     
  0.19021784214725632     
  0.18880641827335459     
  0.18742360434284275     
  0.18605032706012756     
  0.18465797648181911     
  0.18329423584690055     
  0.18195910515537192     
  0.18065258440723314     
  0.17937467360248430     
  0.17811583609332868     
  0.17688560852756299     
  0.17567445425739056     
  0.17451098322620132     
  0.17340473208179186     
  0.17230801758517902     
  0.17123037638415947     
  0.17013366188754667     
  0.16904648403873046     
  0.16799745278110081     
  0.16700564141025095     
  0.16602336668719772     
  0.16502201866855123     
  0.16379179110278552     
  0.16258063683261312     
  0.16141716580142385     
  0.16053025755633696     
  0.15966242260684332     
  0.15879458765734969     
  0.15795536265124596     
  0.15711613764514223     
  0.15629598593463176     
  0.40015201342327156     
  0.38437257088637111     
  0.36970891614167667     
  0.35608875727409872     
  0.34919376091713294     
  0.34280420689338864     
  0.33665306906456016     
  0.33140791277641179     
  0.32638209938758611     
  0.32152794565909981     
  0.31682637829535965     
  0.31228693394416218     
  0.30788100266211760     
  0.30715621742957344     
  0.30461946911566906     
  0.30163449835532274     
  0.29871628412955298     
  0.29541660399191788     
  0.29208831391089290     
  0.28884585366003757     
  0.28578458971731824     
  0.28282822890036197     
  0.27993862461798213     
  0.27696319050543250     
  0.27399729304067955     
  0.27110768875829971     
  0.26873306345693804     
  0.26662546429388212     
  0.26455601172201260     
  0.26220045971624428     
  0.25971139464132292     
  0.25727001280538481     
  0.25512426705114233     
  0.25317879090062917     
  0.25127146134130252     
  0.24932598519078933     
  0.24736143574468286     
  0.24542549624196630     
  0.24353723997823293     
  0.24167759365788943     
  0.23985609392873247     
  0.23812996067754186     
  0.23650873055211422     
  0.23490657372227983     
  0.23333302683583532     
  0.23179762654057737     
  0.23028129954091267     
  0.22869821600667153     
  0.22701976599446408     
  0.22536038927784990     
  0.22381545233479530     
  0.22243263840428348     
  0.22106889776936492     
  0.21973376707783629     
  0.21841770968190088     
  0.21712072558155876     
  0.21582374148121664     
  0.21447907414189135     
  0.21315348009815932     
  0.21189464258900373     
  0.21085514797917071     
  0.20982519001713432     
  0.20873801216831814     
  0.20736473488560295     
  0.20602006754627764     
  0.20472308344593551     
  0.20363590559711933     
  0.20256780104389641     
  0.20150923313847011     
  0.20046973852863706     
  0.19944931721439732     
  0.19842889590015755     
  0.19728449816456156     
  0.19614963707676222     
  0.19503384928455611     
  0.38838613695646995     
  0.38541267505141275     
  0.38249643303313485     
  0.37960880095824712     
  0.37515269498164239     
  0.37072293169181658     
  0.36639807152775372     
  0.36313167764120891     
  0.35999878758491582     
  0.35692798228020250     
  0.35401930470222931     
  0.35115831036323941     
  0.34835453591102916     
  0.34789677681679076     
  0.34540771174186946     
  0.34247042422050644     
  0.33959035658592318     
  0.33692963185066249     
  0.33435473694557155     
  0.33181798863166712     
  0.32917633719199968     
  0.32652514910453556     
  0.32392164425605474     
  0.32150887236350650     
  0.31918193030112796     
  0.31689313482993597     
  0.31457572941535417     
  0.31226786064856893     
  0.30999813847297020     
  0.30776656288855797     
  0.30557313389533236     
  0.30340831484549657     
  0.30149144863837329     
  0.29974624209158940     
  0.29802010884039876     
  0.29617953581564854     
  0.29425313296072864     
  0.29234580340140193     
  0.29060059685461814     
  0.28899844002478370     
  0.28741535649054262     
  0.28571783318274191     
  0.28386772351019507     
  0.28205576042883473     
  0.28026287064306765     
  0.27849859080069050     
  0.27676292090170318     
  0.27516076407186885     
  0.27375887684576372     
  0.27236652626745528     
  0.27100278563253671     
  0.26964858164541483     
  0.26830391430608957     
  0.26693063702337438     
  0.26542384667150631     
  0.26394566626302807     
  0.26253424238912637     
  0.26128494152776749     
  0.26004517731420512     
  0.25880541310064276     
  0.25750842900030069     
  0.25622098154775519     
  0.25495260739080294     
  0.25370330652944395     
  0.25247307896367832     
  0.25126192469350583     
  0.25014613690129983     
  0.24903988575689032     
  0.24792409796468420     
  0.24662711386434208     
  0.24534920305959323     
  0.24408082890264102     
  0.24284106468907871     
  0.24161083712331299     
  0.24039014620534394     
  0.42568382631740376     
  0.42235567620507475     
  0.41907520933172893     
  0.41583288904956961     
  0.41331009846860656     
  0.41084554318364253     
  0.40840006119427186     
  0.40571036196928967     
  0.40302880505678651     
  0.40037585808767340     
  0.39815655329313293     
  0.39602235781103756     
  0.39390723562453556     
  0.39354835749492068     
  0.39143483415527153     
  0.38891577211372641     
  0.38642532001557117     
  0.38407951200285217     
  0.38177829329795099     
  0.37950568453643985     
  0.37726205883591724     
  0.37503763080352104     
  0.37284181271451466     
  0.37087026600990713     
  0.36899499320091000     
  0.36713879368750613     
  0.36503829760878181     
  0.36283472654299076     
  0.36065976542058953     
  0.35865411553139315     
  0.35675632261986306     
  0.35487760300392635     
  0.35310378651375252     
  0.35140626320595181     
  0.34971827654594767     
  0.34798260664696046     
  0.34619925350899006     
  0.34443497366661291     
  0.34275652365440545     
  0.34115436682457101     
  0.33957128329032993     
  0.33797866310829217     
  0.33635743298286458     
  0.33476481280082671     
  0.33306728949302600     
  0.33124578976386909     
  0.32944336333030538     
  0.32785074314826768     
  0.32659190563911211     
  0.32533306812995644     
  0.32401701073402112     
  0.32253883032554287     
  0.32107972321265804     
  0.31964922604316304     
  0.31827594876044785     
  0.31691220812552923     
  0.31553893084281404     
  0.31408936037772583     
  0.31265886320823083     
  0.31126651262992233     
  0.30996952852958026     
  0.30869161772483139     
  0.30744231686347245     
  0.30635513901465627     
  0.30526796116584010     
  0.30416171002143066     
  0.30288379921668174     
  0.30161542505972949     
  0.30036612419837061     
  0.29912635998480830     
  0.29788659577124593     
  0.29667544150107350     
  0.29559780030005395     
  0.29452015909903440     
  0.29345205454581147     
