   6.4136391873287372E-003
   1.7393347753912707E-002
   6.5601442828664347E-006
   3.4496747159437186E-003
   6.7063014066524765E-004
   7.5353147255840525E-003
   1.4881306854273646     
   1.0857331156943685E-005
  0.10887917226382963     
   4.4989939894241549E-006
   1.8894500148037379E-002
   1.3437857964840720E-005
   2.8252628623585593E-005
   3.2115261690975343E-004
   2.2898123755195731E-005
   1.1774385757369516E-002
   3.7496589865269298E-006
   8.4539401730683958E-006
   2.1999577025249274E-002
   2.5013137871780842E-004
   7.2653493879632029E-006
   7.0319219152814106E-004
   6.3470173236755971E-004
   7.0839256357625182E-005
   1.1453389006249508E-004
   1.8358758525035259E-003
   1.7058850327615017E-005
   8.4388826797833743E-004
   3.7650340407811280E-004
   8.8696646278447816E-004
  0.23248986419093964     
  0.18701196400313130     
   5.4178860364015886E-003
   9.6984095618265576E-004
   1.6391529284797487E-004
   999999986991104.00     
   1.8347004637173894E-002
   1.2927925162081562E-005
   1.0897459721138414E-004
   7.0037494277678798E-005
   5.4598491754068015E-002
   3.3476513996301034E-003
   2.0143915782073075E-005
   5.9390206778150495E-003
   5.2563498495816589E-004
   3.6000975689794942E-006
   1.3361708467783974E-004
   5.0379145744137555E-006
   3.6064711032099850E-006
   2.5731777245510193E-003
   3.9458259944501785E-003
   1.7290509490632791E-003
   7.6933560187754857E-004
   1.6649700725009979E-002
   6.3841756853846767E-004
   999999986991104.00     
   1.4071848820171345E-004
   2.4403944617038568E-003
   6.4032500868787778E-006
  0.10024925412346664     
   7.5237812512771972E-003
   1.1126176023301591E-002
  0.30206293843334581     
   8.6878393340435070E-004
   9.6275128724593686E-004
   3.3354035039467672E-004
   8.6256620379868382E-004
   7.3308824732074484E-003
  0.16931585098696525     
   2.9038697041215067E-005
   5.1819701779018510E-004
   3.1765568098338762E-005
   4.1665076758883734E-004
   8.9941748816854423E-004
   7.4017528214675964E-003
   4.0074122859126167E-004
   4.2573551636185604E-006
   4.0866872767599894E-003
   7.5429401293404259E-004
   5.1783335419277026E-004
   1.0543054664357177E-003
   1.9035211342669704E-004
   3.5022706979940720E-005
   6.3638330454469794E-005
   6.0684552494123627E-004
   1.6093616486123887E-003
   1.2388113130584906E-004
   1.1677075034008306E-003
   1.4050606224578982E-003
   3.0544783307988396E-005
   6.4584599984055489E-004
   3.1289563162427265E-002
  0.47142026736405640     
   3.9915263844336820E-005
   8.1491742794043967E-004
   8.6124441351074742E-003
   1.9458510927745712E-002
   1.8185907500943877E-004
  0.27200287543269547     
   4.6351537564431520E-004
