   10.748710519786741     
   9.2127704857354402     
   7.6768304516841397     
   6.1408904176328392     
   5.0298064158397713     
   3.9371944154492340     
   2.8445824150586976     
   2.0013211273714284     
   1.1807280862935470     
  0.36013504521566553     
 -0.33886179308079550     
  -1.0204877452656251     
  -1.7021136974504545     
  -1.8157180228145933     
  -2.3071351106828821     
  -2.8968356161248296     
  -3.4865361215667776     
  -4.0225790824456187     
  -4.5445016368604847     
  -5.0664241912753498     
  -5.5489252964338274     
  -6.0182859185068418     
  -6.4876465405798571     
  -6.9271097207256789     
  -7.3542621894897149     
  -7.7814146582537509     
  -8.1853581160614972     
  -8.5776970683910996     
  -8.9700360207207002     
  -9.3440814884334582     
  -9.7071508653761107     
  -10.070220242318761     
  -10.418658806030569     
  -10.756646788863204     
  -11.094634771695837     
  -11.420873518202459     
  -11.737170603202458     
  -12.053467688202453     
  -12.360262523612452     
  -12.657555109432453     
  -12.954847695252452     
  -13.244432690406729     
  -13.524908714774238     
  -13.805384739141749     
  -14.079615076575495     
  -14.345101452301970     
  -14.610587828028445     
  -14.871029516353053     
  -15.123063392341216     
  -15.375097268329377     
  -15.623082558206223     
  -15.862970675860442     
  -16.102858793514660     
  -16.339531137770763     
  -16.568393746631450     
  -16.797256355492141     
  -17.023604925074995     
  -17.242411376824343     
  -17.461217828573695     
  -17.678105386802851     
  -17.887701149655257     
  -18.097296912507666     
  -18.305481134680303     
  -18.506607653454065     
  -18.707734172227827     
  -18.907883102091802     
  -19.101188909587261     
  -19.294494717082721     
  -19.487199150842471     
  -19.673288473509409     
  -19.859377796176350     
  -20.045185661986739     
  -20.224520020096413     
  -20.403854378206088     
  -20.583188736315766     
   7.4574591817188463     
   6.5549234139970913     
   5.6523876462753364     
   4.7498518785535797     
   4.0074360508725251     
   3.2719819597149780     
   2.5365278685574304     
   1.9137870583844276     
   1.3012929101191106     
  0.68879876185379352     
  0.14249139671983280     
 -0.39436071368107700     
 -0.93121282408198680     
  -1.0206881758154722     
  -1.4223586537691246     
  -1.9043632273135078     
  -2.3863678008578910     
  -2.8338746523137117     
  -3.2723031558514899     
  -3.7107316593892676     
  -4.1223472142712136     
  -4.5250251196012146     
  -4.9277030249312164     
  -5.3090815357475654     
  -5.6816897076465276     
  -6.0542978795454898     
  -6.4097695659533098     
  -6.7566730096155583     
  -7.1035764532778076     
  -7.4365482386560231     
  -7.7611610290638211     
  -8.0857738194716173     
  -8.3990015224186898     
  -8.7040970200366719     
  -9.0091925176546557     
  -9.3049337929003144     
  -9.5927599569078517     
  -9.8805861209153889     
  -10.160709515295272     
  -10.433130140047499     
  -10.705550764799725     
  -10.971629677847494     
  -11.230213840699086     
  -11.488798003550677     
  -11.742179278510317     
  -11.988276510421224     
  -12.234373742332131     
  -12.476216758787439     
  -12.710969416150078     
  -12.945722073512716     
  -13.177023999654327     
  -13.401424463353880     
  -13.625824927053435     
  -13.847458795400406     
  -14.062373789319675     
  -14.277288783238944     
  -14.490022433207525     
  -14.696212051324039     
  -14.902401669440556     
  -15.106913462002035     
  -15.305049517454375     
  -15.503185572906713     
  -15.700078871001876     
  -15.890758382311162     
  -16.081437893620450     
  -16.271251210587721     
  -16.455001167160884     
  -16.638751123734050     
  -16.821965233442413     
  -16.999285027637992     
  -17.176604821833568     
  -17.353672468227760     
  -17.524940715190155     
  -17.696208962152546     
  -17.867477209114938     
   5.2915290768545802     
   4.7403400005912211     
   4.1891509243278620     
   3.6379618480645037     
   3.1430874593439584     
   2.6506615352991876     
   2.1582356112544172     
   1.7125637407427068     
   1.2711422387340021     
  0.82972073672529745     
  0.42001020844843012     
   1.4829819276111100E-002
 -0.39035056989620792     
 -0.45788063475826135     
 -0.77149595940947568     
  -1.1478343489909335     
  -1.5241727385723911     
  -1.8808741129155355     
  -2.2324078516696506     
  -2.5839415904237657     
  -2.9191493607677450     
  -3.2489151416416799     
  -3.5786809225156144     
  -3.8948081067043949     
  -4.2053193981404640     
  -4.5158306895765330     
  -4.8149320735152044     
  -5.1083285037051764     
  -5.4017249338951476     
  -5.6855295050649719     
  -5.9635789608227068     
  -6.2416284165804417     
  -6.5116098898269783     
  -6.7758285184226592     
  -7.0400471470183401     
  -7.2974743527809665     
  -7.5491549699925464     
  -7.8008355872041264     
  -8.0468054543378607     
  -8.2870645713937492     
  -8.5273236884496395     
  -8.7627940908884696     
  -8.9926051033253209     
  -9.2224161157621722     
  -9.4482279263460569     
  -9.6684408543357900     
  -9.8886537823255214     
  -10.105549816642728     
  -10.316917694839052     
  -10.528285573035381     
  -10.736927185527975     
  -10.940116266613098     
  -11.143305347698222     
  -11.344281399550788     
  -11.539882951838567     
  -11.735484504126349     
  -11.929321827775414     
  -12.117866465508328     
  -12.306411103241246     
  -12.493583944973405     
  -12.675543961902687     
  -12.857503978831971     
  -13.038439784304490     
  -13.214254532493189     
  -13.390069280681889     
  -13.565163077393830     
  -13.735210213768472     
  -13.905257350143112     
  -14.074855524289763     
  -14.239515113928524     
  -14.404174703567284     
  -14.568620216718781     
  -14.728141970663224     
  -14.887663724607664     
  -15.047185478552107     
   3.8928685077008964     
   3.5274905553788019     
   3.1621126030567073     
   2.7967346507346127     
   2.4551200923193566     
   2.1145387249435283     
   1.7739573575677001     
   1.4520525252110428     
   1.1318455596743102     
  0.81163859413757766     
  0.50550145640005184     
  0.20137429406241270     
 -0.10275286827522642     
 -0.15344072866483316     
 -0.39462447594395633     
 -0.68404497267890441     
 -0.97346546941385248     
  -1.2518903210227568     
  -1.5274215818090182     
  -1.8029528425952792     
  -2.0688461879537252     
  -2.3315268948362324     
  -2.5942076017187397     
  -2.8485527019294570     
  -3.0994654935106136     
  -3.3503782850917703     
  -3.5940939418522375     
  -3.8342110312023592     
  -4.0743281205524813     
  -4.3082300594608416     
  -4.5384029081041426     
  -4.7685757567474445     
  -4.9934033974995007     
  -5.2144130326149538     
  -5.4354226677304061     
  -5.6518309682624555     
  -5.8643458318393176     
  -6.0768606954161797     
  -6.2854254305932820     
  -6.4900400373706226     
  -6.6946546441479633     
  -6.8959017013774684     
  -7.0931689273231662     
  -7.2904361532688648     
  -7.4848410104384566     
  -7.6752385513215007     
  -7.8656360922045447     
  -8.0536262831202254     
  -8.2376042240903011     
  -8.4215821650603786     
  -8.6035521520034930     
  -8.7815062308926812     
  -8.9594603097818712     
  -9.1357634828051282     
  -9.3080573130111226     
  -9.4803511432171188     
  -9.6513131546116107     
  -9.8182797095715948     
  -9.9852462645315789     
  -10.151165401730804     
  -10.313104351439138     
  -10.475043301147473     
  -10.636192777497129     
  -10.793394887053395     
  -10.950596996609661     
  -11.107235284787736     
  -11.259926823318466     
  -11.412618361849198     
  -11.564960013456426     
  -11.713452908905111     
  -11.861945804353798     
  -12.010265073723033     
  -12.154590943264980     
  -12.298916812806924     
  -12.443242682348870     
   2.8010707023683743     
   2.5421654643780016     
   2.2832602263876289     
   2.0243549883972562     
   1.7757771539202900     
   1.5276483369873848     
   1.2795195200544796     
   1.0394057791546425     
  0.80002068153053885     
  0.56063558390643520     
  0.32899137595850492     
   9.8453009392885024E-002
 -0.13208535717273479     
 -0.17050841826700491     
 -0.35556673614761747     
 -0.57763671760435265     
 -0.79970669906108782     
  -1.0153923526642168     
  -1.2293979199900811     
  -1.4434034873159451     
  -1.6517749685764711     
  -1.8582684211485505     
  -2.0647618737206299     
  -2.2662621408930290     
  -2.4657063905479131     
  -2.6651506402027967     
  -2.8601964802816937     
  -3.0530431155725979     
  -3.2458897508635021     
  -3.4348500322105622     
  -3.6214785011913162     
  -3.8081069701720698     
  -3.9913294605820195     
  -4.1721191091556804     
  -4.3529087577293399     
  -4.5307110256375092     
  -4.7059855099056467     
  -4.8812599941737842     
  -5.0539277444292159     
  -5.2239887606719391     
  -5.3940497769146631     
  -5.5618556066680833     
  -5.7269962160250545     
  -5.8921368253820257     
  -6.0553303004595440     
  -6.2157977875458315     
  -6.3762652746321171     
  -6.5350740707395012     
  -6.6911183818820481     
  -6.8471626930245941     
  -7.0018044756051792     
  -7.1536412010618413     
  -7.3054779265185017     
  -7.4561447564261680     
  -7.6039704114291293     
  -7.7517960664320924     
  -7.8986729915909093     
  -8.0427037272172903     
  -8.1867344628436705     
  -8.3300017845555860     
  -8.4703681333925331     
  -8.6107344822294785     
  -8.7505326978114830     
  -8.8874902471187802     
  -9.0244477964260739     
  -9.1609768090974715     
  -9.2945060653175986     
  -9.4280353215377239     
  -9.5613200555718034     
  -9.6919150455593481     
  -9.8225100355468911     
  -9.9529605866353865     
  -10.080089043045732     
  -10.207217499456076     
  -10.334345955866421     
