   10.748710519786741     
   0.0000000000000000     
   6.0768929162140353     
   0.0000000000000000     
   2.7535314150261527     
   0.0000000000000000     
  0.25756091508092993     
   0.0000000000000000     
  -1.8157180228145933     
   0.0000000000000000     
  -3.6093903935338503     
   0.0000000000000000     
  -5.1969048298790668     
   0.0000000000000000     
  -6.6245433886844864     
   0.0000000000000000     
  -7.9237988145084302     
   0.0000000000000000     
  -9.1171631278443037     
   0.0000000000000000     
  -10.221499149378204     
   0.0000000000000000     
  -11.249545930494133     
   0.0000000000000000     
  -12.211616230702457     
   0.0000000000000000     
  -13.115881179238293     
   0.0000000000000000     
  -13.968995753356136     
   0.0000000000000000     
  -14.776516812857501     
   0.0000000000000000     
  -15.543119852321492     
   0.0000000000000000     
  -16.272779543519739     
   0.0000000000000000     
  -16.968903312137666     
   0.0000000000000000     
  -17.634439602875275     
   0.0000000000000000     
  -18.271960048218020     
   0.0000000000000000     
  -18.883719876154874     
   0.0000000000000000     
  -19.471691707286897     
   0.0000000000000000     
  -20.037713397065502     
   0.0000000000000000     
  -20.583188736315766     
   0.0000000000000000     
   7.4574591817188463     
   0.0000000000000000     
   4.7122462215651737     
   0.0000000000000000     
   2.4752400276276347     
   0.0000000000000000     
  0.61223699332062864     
   0.0000000000000000     
  -1.0206881758154722     
   0.0000000000000000     
  -2.4867854203463047     
   0.0000000000000000     
  -3.8203387852737123     
   0.0000000000000000     
  -5.0451507473191342     
   0.0000000000000000     
  -6.1785006035118109     
   0.0000000000000000     
  -7.2336652446511529     
   0.0000000000000000     
  -8.2210291488082028     
   0.0000000000000000     
  -9.1490279540629018     
   0.0000000000000000     
  -10.024499202919163     
   0.0000000000000000     
  -10.853111936540522     
   0.0000000000000000     
  -11.639638765214112     
   0.0000000000000000     
  -12.388184512276457     
   0.0000000000000000     
  -13.102223845087817     
   0.0000000000000000     
  -13.784775255507295     
   0.0000000000000000     
  -14.438475028678404     
   0.0000000000000000     
  -15.065635117116141     
   0.0000000000000000     
  -15.668298952450339     
   0.0000000000000000     
  -16.248282466016082     
   0.0000000000000000     
  -16.807188583926120     
   0.0000000000000000     
  -17.346536291270997     
   0.0000000000000000     
  -17.867477209114938     
   0.0000000000000000     
   5.2915290768545802     
   0.0000000000000000     
   3.6149956365535303     
   0.0000000000000000     
   2.1172001175840194     
   0.0000000000000000     
  0.77454304897420911     
   0.0000000000000000     
 -0.45788063475826135     
   0.0000000000000000     
  -1.6025765697351950     
   0.0000000000000000     
  -2.6718250251122946     
   0.0000000000000000     
  -3.6748626086038456     
   0.0000000000000000     
  -4.6193344533885572     
   0.0000000000000000     
  -5.5117485952163889     
   0.0000000000000000     
  -6.3574823564795011     
   0.0000000000000000     
  -7.1611473517913637     
   0.0000000000000000     
  -7.9266758958099217     
   0.0000000000000000     
  -8.6574640435215855     
   0.0000000000000000     
  -9.3564725396836756     
   0.0000000000000000     
  -10.026286862319111     
   0.0000000000000000     
  -10.669197491832939     
   0.0000000000000000     
  -11.287230946800193     
   0.0000000000000000     
  -11.882185668342192     
   0.0000000000000000     
  -12.455675608113147     
   0.0000000000000000     
  -13.009137326273049     
   0.0000000000000000     
  -13.543907185347006     
   0.0000000000000000     
  -14.061133891819871     
   0.0000000000000000     
  -14.561973476971097     
   0.0000000000000000     
  -15.047185478552107     
   0.0000000000000000     
   3.8928685077008964     
   0.0000000000000000     
   2.7815105693878586     
   0.0000000000000000     
   1.7455755769530477     
   0.0000000000000000     
  0.77161272344548593     
   0.0000000000000000     
 -0.15344072866483316     
   0.0000000000000000     
  -1.0337614062336336     
   0.0000000000000000     
  -1.8718356577918449     
   0.0000000000000000     
  -2.6708228078928045     
   0.0000000000000000     
  -3.4340158822854896     
   0.0000000000000000     
  -4.1643720290587787     
   0.0000000000000000     
  -4.8644811103488230     
   0.0000000000000000     
  -5.5367187504916586     
   0.0000000000000000     
  -6.1831181272046152     
   0.0000000000000000     
  -6.8054875561523609     
   0.0000000000000000     
  -7.4055087017371939     
   0.0000000000000000     
  -7.9846345552564522     
   0.0000000000000000     
  -8.5442341257071028     
   0.0000000000000000     
  -9.0855111156617205     
   0.0000000000000000     
  -9.6095715158716217     
   0.0000000000000000     
  -10.117428120541575     
   0.0000000000000000     
  -10.609992425904426     
   0.0000000000000000     
  -11.088148842471400     
   0.0000000000000000     
  -11.552585605502372     
   0.0000000000000000     
  -12.004251495825455     
   0.0000000000000000     
  -12.443242682348870     
   0.0000000000000000     
   2.8010707023683743     
   0.0000000000000000     
   2.0135672701476572     
   0.0000000000000000     
   1.2588421186434040     
   0.0000000000000000     
  0.53071244670342210     
   0.0000000000000000     
 -0.17050841826700491     
   0.0000000000000000     
 -0.84597127853124121     
   0.0000000000000000     
  -1.4969048791474115     
   0.0000000000000000     
  -2.1249891307208202     
   0.0000000000000000     
  -2.7316320567544246     
   0.0000000000000000     
  -3.3182072390975925     
   0.0000000000000000     
  -3.8858688322473860     
   0.0000000000000000     
  -4.4357706799922703     
   0.0000000000000000     
  -4.9688972363078570     
   0.0000000000000000     
  -5.4861661607128092     
   0.0000000000000000     
  -5.9884688475069296     
   0.0000000000000000     
  -6.4765574540610515     
   0.0000000000000000     
  -6.9511922337862977     
   0.0000000000000000     
  -7.4130289403836436     
   0.0000000000000000     
  -7.8626653076843205     
   0.0000000000000000     
  -8.3007587952145627     
   0.0000000000000000     
  -8.7277064395936090     
   0.0000000000000000     
  -9.1442856520699607     
   0.0000000000000000     
  -9.5504371397395111     
   0.0000000000000000     
  -9.9476635676182905     
   0.0000000000000000     
  -10.334345955866421     
   0.0000000000000000     
